13016998631	13019531664	13028742326	13034961397	13036112466
13038057554	13042010539	13042961983	13044236712	13049442621
13056862817	13079117460	13088641591	13095082106	13097289781
13097723509	13104486264	13118220642	13124158006	13127823320
13128733303	13133668614	13146486241	13150093810	13152492272
13156000968	13159223900	13168009989	13169772149	13174867465
13182698694	13185676928	13192748314	13193598485	13200620048
13206094843	13206255893	13212424317	13212551284	13219073790
13223739321	13225918676	13251562894	13252166274	13256669726
13260681650	13287675049	13299151957	13303585274	13304801089
13305061896	13314636616	13318665427	13321091967	13328153223
13329125461	13342127397	13343762899	13343977022	13345057534
13345793964	13357396945	13364238074	13364947442	13365439023
13365724805	13367006107	13368867462	13371172921	13372941489
13382547175	13382880284	13390091567	13391934446	13394630924
13400472153	13401001314	13423390612	13440048614	13441325507
13456120730	13469072952	13483230201	13484855831	13491494944
13496023870	13517899136	13520116704	13525453074	13525501024
13529121626	13536757238	13536823038	13540552226	13580775416
13584641981	13604763613	13638848416	13641654214	13648721306
13667512334	13722942239	13733805861	13735660134	13742184665
13743787365	13757016750	13758365030	13792912811	13807882211
13852847278	13856956196	13862956004	13898910101	13905533862
13921434287	13938347321	13949634351	13963559743	13963762200
13987856377	14519527576	14525589170	14532782146	14543780466
14543946306	14559162466	14561267954	14576371483	14583758194
14591630146	14593511933	14597331963	14721558375	14721654652
14727860441	14736705475	14739695169	14740492040	14779493151
14788555425	14792383709	14793574897	14903674269	14904231045
14904758166	14904795071	14909805773	14911958527	14912425264
14913316520	14919388535	14923312722	14930280766	14935077287
14935995122	14940745127	14945575175	14946899970	14954430255
14958040611	14961219372	14961396729	14967341177	14970989172
14972014625	14972392687	14975717896	14975875867	14987049329
14995837520	15018669880	15021727039	15030591442	15035718750
15042769776	15049009973	15066268303	15073736065	15078169778
15082052748	15085166837	15092563839	15095764176	15100469606
15111978310	15119638480	15124070416	15125010435	15127464911
15168431389	15170950153	15176814778	15178757063	15186950461
15220121792	15239489004	15252868060	15258264500	15258440117
15271345432	15282666292	15287790018	15312953411	15314054288
15314743258	15315111493	15321262554	15323410326	15324432590
15325897891	15328947608	15346204174	15346217380	15347212232
15348436982	15353752868	15355740381	15362266194	15365719666
15373501502	15376496914	15383773104	15391646699	15392309078
15394327273	15396994781	15501966858	15507883088	15510623382
15515003336	15516953643	15528442258	15536923508	15537740438
15544453592	15549266035	15553405011	15565597750	15567072205
15573632378	15577797881	15590995367	15593298569	15596042105
15611062936	15626545966	15631485531	15632578062	15637302159
15638416703	15654564539	15659235702	15662374260	15682376439
15685566116	15685677602	15689625307	15698584682	15704354108
15715457181	15721803463	15727761301	15742970613	15744923987
15754939087	15781595761	15798211920	15808091604	15808226608
15820857080	15821574054	15824935570	15827252037	15832955767
15843672246	15850616682	15889625018	15890978732	15899025363
15903916583	15907986348	15910907710	15913343348	15931821187
15940919629	15944198054	15965776157	15967820240	15968012923
15976471381	15976657880	15981925730	15993449409	15993758905
15993958331	16602441283	16613766780	16621114509	16621264830
16632195879	16635733715	16639171923	16641711411	16642071947
16652570201	16656994169	16658747013	16658857935	16660287456
16661799222	16663069472	16666231060	16666361118	16671145771
16672304598	16676126280	16676485428	16683314674	16684954129
16690709474	17102070265	17143410503	17146119650	17151594083
17152557593	17156028551	17167149556	17168521168	17169240078
17177493550	17184225337	17198609281	17198930203	17201818773
17202462317	17222627277	17256166429	17275967250	17277591689
17278772336	17286063152	17287530252	17300960338	17314609478
17318677405	17322773139	17323138292	17326634278	17335391587
17335619425	17336170017	17345743232	17384273757	17391692735
17501662149	17501955859	17516818101	17525608252	17529802928
17545463274	17545563718	17545862606	17581051824	17582659437
17585806921	17586021507	17591848030	17598556787	17601044132
17604191883	17610280458	17613658877	17620289069	17623401161
17629991192	17634455928	17635922169	17648867079	17650624815
17658363003	17661608036	17665874742	17681125411	17683533015
17689231801	17704251770	17705435825	17705756438	17715406764
17717431137	17724717509	17729399936	17737029574	17739842667
17746781646	17753995557	17769636792	17771245855	17777867773
17779065442	17781705287	17784740393	17785383454	17787561920
17787729188	17789569658	17790287228	17803675503	17811251233
17826640002	17835220082	17850352966	17870464440	17884284838
17898000931	18006585093	18007084845	18010426730	18016462488
18022867826	18044063070	18046421527	18057963688	18063587219
18068677258	18077359598	18080210560	18080847845	18084791613
18092124045	18093369858	18101421285	18101760614	18108574600
18110677918	18113863760	18115598813	18115711010	18122855988
18126022904	18127704218	18127765920	18138884496	18139398549
18140128871	18141372136	18144896023	18145007667	18148204549
18154753153	18160822353	18161823486	18162244166	18167048334
18169011586	18171466469	18180283896	18181646785	18185084607
18190234695	18191809341	18194682952	18195850502	18199020388
18210490265	18214260055	18218907324	18229567082	18252719019
18255037986	18256978732	18258792025	18265456382	18271073886
18275790318	18282104689	18304961448	18323704000	18337893178
18341583036	18415093818	18434851671	18435677438	18436630928
18440860893	18442252696	18448698178	18449365269	18463320654
18468016791	18485438860	18500825732	18504748029	18506176997
18507437316	18514535687	18517377018	18522638906	18535017037
18537045632	18537736960	18538568571	18541314038	18544004195
18544544976	18545790907	18558149462	18561537517	18563358912
18569590145	18575549361	18579987734	18593418836	18606131885
18611454326	18624617049	18629619643	18633376970	18650956921
18651624226	18652913658	18662181424	18664293419	18666293934
18672503841	18687567523	18688312602	18690781556	18691970253
18695483238	18732101854	18733998281	18736197648	18750224301
18751778797	18760828715	18763993752	18770713476	18776978038
18781084436	18782739929	18784591597	18787693254	18799796034
18811077116	18823277071	18848893739	18855461532	18865171069
18873762404	18879886661	18890128990	18902523850	18905496856
18922621329	18924946070	18925924653	18929821827	18933786989
18939095193	18945095165	18956337250	18969308740	18972026788
18976913771	18989519880	18995314833	18997565976	19814760342
19824586357	19838559227	19840211581	19871317816	19878071988
19880651541	19889802418	19897722357	19902858123	19904491993
19907608144	19910644013	19931003492	19932643997	19933056764
19936232981	19941884242	19943095917	19949039418	19949261496
19958942097	19963684275	19978063944	19979565311	19988256694
19990796148	19991437083	19993626975	19994231091	19994738995
