13016998631
13019531664
13028742326
13034961397
13036112466
13038057554
13042010539
13042961983
13044236712
13049442621
13056862817
13079117460
13088641591
13095082106
13097289781
13097723509
13104486264
13118220642
13124158006
13127823320
13128733303
13133668614
13146486241
13150093810
13152492272
13156000968
13159223900
13168009989
13169772149
13174867465
13182698694
13185676928
13192748314
13193598485
13200620048
13206094843
13206255893
13212424317
13212551284
13219073790
13223739321
13225918676
13251562894
13252166274
13256669726
13260681650
13287675049
13299151957
14519527576
14525589170
14532782146
14543780466
14543946306
14559162466
14561267954
14576371483
14583758194
14591630146
14593511933
14597331963
15501966858
15507883088
15510623382
15515003336
15516953643
15528442258
15536923508
15537740438
15544453592
15549266035
15553405011
15565597750
15567072205
15573632378
15577797881
15590995367
15593298569
15596042105
15611062936
15626545966
15631485531
15632578062
15637302159
15638416703
15654564539
15659235702
15662374260
15682376439
15685566116
15685677602
15689625307
15698584682
16602441283
16613766780
16621114509
16621264830
16632195879
16635733715
16639171923
16641711411
16642071947
16652570201
16656994169
16658747013
16658857935
16660287456
16661799222
16663069472
16666231060
16666361118
16671145771
16672304598
16676126280
16676485428
16683314674
16684954129
16690709474
17102070265
17143410503
17146119650
17151594083
17152557593
17156028551
17167149556
17168521168
17169240078
17177493550
17184225337
17198609281
17198930203
17501662149
17501955859
17516818101
17525608252
17529802928
17545463274
17545563718
17545862606
17581051824
17582659437
17585806921
17586021507
17591848030
17598556787
17601044132
17604191883
17610280458
17613658877
17620289069
17623401161
17629991192
17634455928
17635922169
17648867079
17650624815
17658363003
17661608036
17665874742
17681125411
17683533015
17689231801
18500825732
18504748029
18506176997
18507437316
18514535687
18517377018
18522638906
18535017037
18537045632
18537736960
18538568571
18541314038
18544004195
18544544976
18545790907
18558149462
18561537517
18563358912
18569590145
18575549361
18579987734
18593418836
18606131885
18611454326
18624617049
18629619643
18633376970
18650956921
18651624226
18652913658
18662181424
18664293419
18666293934
18672503841
18687567523
18688312602
18690781556
18691970253
18695483238
