13400472153
13401001314
13423390612
13440048614
13441325507
13456120730
13469072952
13483230201
13484855831
13491494944
13496023870
13517899136
13520116704
13525453074
13525501024
13529121626
13536757238
13536823038
13540552226
13580775416
13584641981
13604763613
13638848416
13641654214
13648721306
13667512334
13722942239
13733805861
13735660134
13742184665
13743787365
13757016750
13758365030
13792912811
13807882211
13852847278
13856956196
13862956004
13898910101
13905533862
13921434287
13938347321
13949634351
13963559743
13963762200
13987856377
14721558375
14721654652
14727860441
14736705475
14739695169
14740492040
14779493151
14788555425
14792383709
14793574897
15018669880
15021727039
15030591442
15035718750
15042769776
15049009973
15066268303
15073736065
15078169778
15082052748
15085166837
15092563839
15095764176
15100469606
15111978310
15119638480
15124070416
15125010435
15127464911
15168431389
15170950153
15176814778
15178757063
15186950461
15220121792
15239489004
15252868060
15258264500
15258440117
15271345432
15282666292
15287790018
15704354108
15715457181
15721803463
15727761301
15742970613
15744923987
15754939087
15781595761
15798211920
15808091604
15808226608
15820857080
15821574054
15824935570
15827252037
15832955767
15843672246
15850616682
15889625018
15890978732
15899025363
15903916583
15907986348
15910907710
15913343348
15931821187
15940919629
15944198054
15965776157
15967820240
15968012923
15976471381
15976657880
15981925730
15993449409
15993758905
15993958331
17201818773
17202462317
17222627277
17256166429
17275967250
17277591689
17278772336
17286063152
17287530252
17803675503
17811251233
17826640002
17835220082
17850352966
17870464440
17884284838
17898000931
18210490265
18214260055
18218907324
18229567082
18252719019
18255037986
18256978732
18258792025
18265456382
18271073886
18275790318
18282104689
18304961448
18323704000
18337893178
18341583036
18415093818
18434851671
18435677438
18436630928
18440860893
18442252696
18448698178
18449365269
18463320654
18468016791
18485438860
18732101854
18733998281
18736197648
18750224301
18751778797
18760828715
18763993752
18770713476
18776978038
18781084436
18782739929
18784591597
18787693254
18799796034
18811077116
18823277071
18848893739
18855461532
18865171069
18873762404
18879886661
18890128990
19814760342
19824586357
19838559227
19840211581
19871317816
19878071988
19880651541
19889802418
19897722357
