13303585274
13304801089
13305061896
13314636616
13318665427
13321091967
13328153223
13329125461
13342127397
13343762899
13343977022
13345057534
13345793964
13357396945
13364238074
13364947442
13365439023
13365724805
13367006107
13368867462
13371172921
13372941489
13382547175
13382880284
13390091567
13391934446
13394630924
14903674269
14904231045
14904758166
14904795071
14909805773
14911958527
14912425264
14913316520
14919388535
14923312722
14930280766
14935077287
14935995122
14940745127
14945575175
14946899970
14954430255
14958040611
14961219372
14961396729
14967341177
14970989172
14972014625
14972392687
14975717896
14975875867
14987049329
14995837520
15312953411
15314054288
15314743258
15315111493
15321262554
15323410326
15324432590
15325897891
15328947608
15346204174
15346217380
15347212232
15348436982
15353752868
15355740381
15362266194
15365719666
15373501502
15376496914
15383773104
15391646699
15392309078
15394327273
15396994781
17300960338
17314609478
17318677405
17322773139
17323138292
17326634278
17335391587
17335619425
17336170017
17345743232
17384273757
17391692735
17704251770
17705435825
17705756438
17715406764
17717431137
17724717509
17729399936
17737029574
17739842667
17746781646
17753995557
17769636792
17771245855
17777867773
17779065442
17781705287
17784740393
17785383454
17787561920
17787729188
17789569658
17790287228
18006585093
18007084845
18010426730
18016462488
18022867826
18044063070
18046421527
18057963688
18063587219
18068677258
18077359598
18080210560
18080847845
18084791613
18092124045
18093369858
18101421285
18101760614
18108574600
18110677918
18113863760
18115598813
18115711010
18122855988
18126022904
18127704218
18127765920
18138884496
18139398549
18140128871
18141372136
18144896023
18145007667
18148204549
18154753153
18160822353
18161823486
18162244166
18167048334
18169011586
18171466469
18180283896
18181646785
18185084607
18190234695
18191809341
18194682952
18195850502
18199020388
18902523850
18905496856
18922621329
18924946070
18925924653
18929821827
18933786989
18939095193
18945095165
18956337250
18969308740
18972026788
18976913771
18989519880
18995314833
18997565976
19902858123
19904491993
19907608144
19910644013
19931003492
19932643997
19933056764
19936232981
19941884242
19943095917
19949039418
19949261496
19958942097
19963684275
19978063944
19979565311
19988256694
19990796148
19991437083
19993626975
19994231091
19994738995
